6872126938
5054160425
6555905311
6329449251
1841476350
9106904975
3200389626
6853070044
8917916655
7280017311
9095745443
1842767821
1840684208
1841681882
8119768185
2765251128
3611030043
5409836121
1842492697
36725699536
1848027056
8661800905
4694968187
2398627586
6984999899
5278041368
3966937428
8934032899
1461317727
6708444383
8691615080
4784415565
6170799101
3426632334
9124780123
5914114809
1838881087
2602546138
9046863253
7027478787
6823153536
6783714255
7024101188
1838603107
2505232058
2379212055
1842104389
1845920681
5925731369
1846457890
4767799547
6953866301
5216610038
1843400900
2074873686
1846503777
6841685130
1759712659
8756309991
640822891
142376088
6368421732
1840246654
3610833859
3599444932
3611090854
1845688177
4929740412
7023650590
9245552700
4699895513
2626152169
6911766512
7139010805
6070263388
1841140696
7910582982
1846442728
8833287693
180384381
7608899217
6790277135
1839302619
8260658079
1840886500
5278041368
1846458016
1845902117
3175432527
2844174032
7535788516
6706336813
1837149094
1130547984
132575703
3966937428
1840194801
6958846906
2784767783
3599449447
1838457617
9245561450
2147555345
9152056125
1845918407
180384381
6805032026
2525950283
6555905311
359774781
6467775824
1836281207
6537919656
1847409951
6897686359
247824088
1847795501
5179281721
3599448739
1282502889
3611092503
5632466604
1843660600
1847606521
3599441868
4898268253
1845920580
6913550990
1843290406
4589913519
5455280246
1845861160
9046863579
8406005582
6500412134
6770303644
5166304580
7028977687
9042918665
4990721046
168235961
8418482985
6680801893
1842306658
1838881033
7010657242
1839286325
1843224674
2700037721
6502865703
1840271897
1837070127
6924735395
3611090301
5445402580
1845902048
157518993
1842971889
4699831936
7108789306
6703926669
1838667039
7010657194
1838591268
3605171081
1845965754
4774608225
5200164603
3599450095
8700353843
1843660604
3718069432
1848067083
3401225902
1837474791
1839286187
4704587577
3599440167
140994215
1846091487
3599434273
4857572997
6688246112
6819593773
7006487793
1836280076
7211370909
9039981149
5410082346
2051000448
5693978105
6942391979
3599437841
6491883020
3605275803
1838878344
2612097565
6557459238
5356466111
5672354144
1843404009
8056635966
7014573768
4930322014
6798152421
9046356479
9245552700
2609700573
5686707484
6085121288
3599448191
213877201
2719621868
3782284357
7211256057
1836282791
1842798784
4754153828
5754316938
3610835113
6819593773
1132972912
8269391552
9048375035
9124780123
1845922899
3599445863
1330835992
6753817247
1479942304
8418482985
1893188098
2917277908
8232702830
7489566774
2505232058
5250251828
1839246711
4526800174
5143530626
9038249898
3610850345
4827749216
7808493880
6689498326
1842150151
429406046
5410082346
2745270351
182315169
1838857104
8917829915
3461928784
1845916376
1367249481
7070769876
6873260626
1840809865
7023690024
36108345
6788646778
5060476701
6150367457
3599431611
259174997
1466267470
6680495507
1842493021
4728864326
1837430799
9245561450
1842148154
3611091345
7392965277
1845968654
4993024943
3553789463
6897732929
1837879082
4774526700
2311931092
3174077614
6670954642
1836282791
6705612961
6823597327
168235950
1843404009
2361565584
6778050734
11265148479
7024154355
8264520060
1845920632
979667298
1838910172
8603227350
8420609252
3599438502
3966937428
6770303644
6717888117
8129499113
962968105
5482449371
1387765086
7000891754
6125025393
1840443935
1845902352
1838881021
1837179071
7363412529
6481556076
5682109276
3187570332
2883035475
8797756460
5410086218
2425076709
336912999
7992960012
5410082097
8147012902
3227927148
6823153536
7681560017
7019388713
6893776529
1289224027
6281772319
7148886604
6674053789
1845756489
1845902048
6897686359
1846418194
6691117911
6711981346
5690650890
1842241530
4767806287
1845458027
6817682704
1837066593
8327114160
1837165448
4898267108
8893545897
8909753125
1841049762
9040049890
1836487068
3599184501
3966942044
1836894438
8316226231
6896306675
3599447356
1845965979
6713830578
4799440873
6933147325
3611091941
1846821572
7111017217
757154772
889219276
1842905001
3599444347
3599184501
1839302619
1846272412
6155415192
6844230235
5160077433
5560182875
1848053699
6953898257
3018225938
6846153394
7363412529
1845902473
9089739231
5616761718
7055253435
9039981149
9068077052
5005121252
3599432303
8546379947
1837879082
5574462925
3599441262
1845554017
3110372117
7111183238
